62.666666666666664
54.333333333333336
50.666666666666664
89.33333333333333
69.66666666666667
43.666666666666664
66.33333333333333
69.66666666666667
69.33333333333333
50.333333333333336
58.333333333333336
47.0
56.666666666666664
93.66666666666667
72.33333333333333
49.0
64.66666666666667
58.0
58.0
60.666666666666664
61.333333333333336
48.666666666666664
45.333333333333336
71.0
47.333333333333336
68.66666666666667
61.666666666666664
42.333333333333336
67.0
51.666666666666664
63.666666666666664
75.33333333333333
77.33333333333333
60.666666666666664
48.0
48.666666666666664
58.0
58.0
57.333333333333336
78.33333333333333
71.0
67.66666666666667
50.0
46.333333333333336
65.66666666666667
70.0
53.0
74.0
50.666666666666664
76.0
75.33333333333333
72.33333333333333
61.333333333333336
40.333333333333336
82.0
87.0
47.333333333333336
71.66666666666667
61.666666666666664
47.666666666666664
78.0
63.0
40.333333333333336
49.0
72.66666666666667
58.666666666666664
67.0
48.666666666666664
61.333333333333336
52.0
53.333333333333336
78.0
71.66666666666667
61.0
64.33333333333333
38.333333333333336
73.33333333333333
48.0
65.0
62.0
39.666666666666664
54.333333333333336
43.0
75.0
64.66666666666667
68.0
71.33333333333333
62.0
69.66666666666667
43.333333333333336
59.0
70.33333333333333
69.66666666666667
44.333333333333336
58.333333333333336
50.666666666666664
78.0
51.666666666666664
56.0
72.0
71.33333333333333
75.0
76.33333333333333
60.666666666666664
47.333333333333336
58.666666666666664
68.66666666666667
52.666666666666664
69.33333333333333
68.66666666666667
58.333333333333336
78.0
44.666666666666664
56.333333333333336
84.66666666666667
86.33333333333333
51.333333333333336
38.333333333333336
73.33333333333333
30.666666666666668
60.53333333333333 64.85833333333333 58.68333333333333